[gd_scene load_steps=15 format=3 uid="uid://bh6piobbhlb2e"]

[ext_resource type="Script" path="res://CharacterBody3D.gd" id="1_7ufk0"]
[ext_resource type="PackedScene" uid="uid://dpigkv0yof5uq" path="res://cube.tscn" id="2_1gbcv"]
[ext_resource type="PackedScene" uid="uid://cmgvw5ty1sgsy" path="res://quick_save_menu.tscn" id="3_j3eiy"]
[ext_resource type="PackedScene" uid="uid://blnsh2xu0cy5q" path="res://tuto.tscn" id="4_nh5n4"]

[sub_resource type="WorldBoundaryShape3D" id="WorldBoundaryShape3D_dhcfq"]

[sub_resource type="CapsuleShape3D" id="CapsuleShape3D_j514e"]

[sub_resource type="LabelSettings" id="LabelSettings_wdju4"]
font_size = 26
font_color = Color(1, 1, 0.0509804, 1)

[sub_resource type="StandardMaterial3D" id="StandardMaterial3D_16i08"]
albedo_color = Color(0.8, 0.4, 0.501961, 1)

[sub_resource type="StandardMaterial3D" id="StandardMaterial3D_mcm0d"]
albedo_color = Color(0.552941, 0.486275, 0.458824, 1)

[sub_resource type="StandardMaterial3D" id="StandardMaterial3D_vl2ul"]
albedo_color = Color(0.552941, 0.486275, 0.458824, 1)

[sub_resource type="StandardMaterial3D" id="StandardMaterial3D_evyxj"]
albedo_color = Color(0.867173, 0.422736, 0.234894, 1)

[sub_resource type="StandardMaterial3D" id="StandardMaterial3D_a8d70"]
albedo_color = Color(0.621759, 0.251654, 0.843473, 1)

[sub_resource type="StandardMaterial3D" id="StandardMaterial3D_hdfv0"]
albedo_color = Color(0.886275, 0.713726, 0.133333, 1)

[sub_resource type="BoxShape3D" id="BoxShape3D_us2c4"]

[node name="World" type="Node3D"]

[node name="Ground" type="StaticBody3D" parent="."]

[node name="CollisionShape3D" type="CollisionShape3D" parent="Ground"]
transform = Transform3D(0.999999, -0.000420196, 0.00135714, 0.000418098, 0.999999, 0.00156281, -0.00135779, -0.00156225, 0.999998, 0, 0, 0)
shape = SubResource("WorldBoundaryShape3D_dhcfq")

[node name="CSGBox3D" type="CSGBox3D" parent="Ground"]
transform = Transform3D(1, 0, 0, 0, 0.162603, 0, 0, 0, 1, 0, -0.087341, 0)
size = Vector3(21, 1, 21)

[node name="Player" type="CharacterBody3D" parent="."]
transform = Transform3D(1, 0, 0, 0, 1, 0, 0, 0, 1, 0, 0.156055, 0)
script = ExtResource("1_7ufk0")

[node name="CollisionShape3D" type="CollisionShape3D" parent="Player"]
transform = Transform3D(1, 0, 0, 0, 1, 0, 0, 0, 1, 0, 1.0209, 0)
shape = SubResource("CapsuleShape3D_j514e")

[node name="Camera3D" type="Camera3D" parent="Player"]
transform = Transform3D(1, 0, 0, 0, 1, 0, 0, 0, 1, 0, 1.53893, 0)
current = true
fov = 95.0

[node name="quick_save_menu" parent="Player/Camera3D" node_paths=PackedStringArray("world_spawn", "player") instance=ExtResource("3_j3eiy")]
visible = false
world_spawn = NodePath("../../../WorldSpawn")
player = NodePath("../..")

[node name="Tuto" parent="Player/Camera3D" instance=ExtResource("4_nh5n4")]

[node name="Time" type="Label" parent="Player"]
offset_left = 1014.0
offset_top = 619.0
offset_right = 1128.0
offset_bottom = 642.0
text = "Time"

[node name="Height" type="Label" parent="Player"]
offset_left = 1013.0
offset_top = 588.0
offset_right = 1053.0
offset_bottom = 611.0
text = "Height"

[node name="VictoryMessage" type="Label" parent="Player"]
visible = false
offset_left = 485.0
offset_top = 293.0
offset_right = 701.0
offset_bottom = 329.0
text = "GG Reached top !"
label_settings = SubResource("LabelSettings_wdju4")

[node name="DirectionalLight3D" type="DirectionalLight3D" parent="."]
transform = Transform3D(0.707107, 0.353553, 0.612373, -0.707107, 0.353553, 0.612373, 0, -0.866026, 0.5, 11, 12, 10)

[node name="WorldSpawn" type="Node3D" parent="."]
transform = Transform3D(1, 0, 0, 0, 1, 0, 0, 0, 1, 0, 0.151384, 0)

[node name="Parkour" type="Node3D" parent="."]

[node name="Cube" parent="Parkour" instance=ExtResource("2_1gbcv")]
transform = Transform3D(3.00359, 0, 0, 0, 1, 0, 0, 0, 1, -0.300191, 0.497253, -3.81602)

[node name="Cube2" parent="Parkour" instance=ExtResource("2_1gbcv")]
transform = Transform3D(1.53954, 0, 0, 0, 1, 0, 0, 0, 2.38224, -3.19971, 1.10835, -0.40756)

[node name="Cube3" parent="Parkour" instance=ExtResource("2_1gbcv")]
transform = Transform3D(1.34565, -0.0369329, 1.15398, -0.144862, 0.965355, 0.579802, -0.733768, -0.258314, 2.00181, 0.213724, 2.58597, 2.32797)

[node name="Cube4" parent="Parkour" instance=ExtResource("2_1gbcv")]
transform = Transform3D(0.0723386, -0.197969, 2.33241, 0.1223, 0.9778, 0.461912, -1.53297, 0.0686667, 0.146914, 3.74141, 4.10798, -0.145313)

[node name="Cube5" parent="Parkour" instance=ExtResource("2_1gbcv")]
transform = Transform3D(0.0982705, 0.0297248, 2.37633, 0.102631, 0.997197, -0.0809508, -1.53297, 0.0686667, 0.146914, 3.77362, 4.87419, -6.45886)

[node name="Cube6" parent="Parkour" instance=ExtResource("2_1gbcv")]
transform = Transform3D(0.0264168, 0.0687815, 6.52074, 0.0275889, 2.30746, -0.222132, -0.412089, 0.158891, 0.403139, -2.83266, 4.95484, -6.916)

[node name="Cube7" parent="Parkour" instance=ExtResource("2_1gbcv")]
transform = Transform3D(0.0797942, -2.2673, -0.34156, 0.301531, 0.248268, 4.42223, -0.272008, -0.389904, 4.802, -7.4915, 8.25631, -0.743939)

[node name="Cube8" parent="Parkour" instance=ExtResource("2_1gbcv")]
transform = Transform3D(0.159752, -2.12387, -0.603966, 0.353924, 0.736966, 2.67313, -0.143156, -0.548084, 5.93477, -7.4915, 12.4149, 7.91238)

[node name="Cube9" parent="Parkour" instance=ExtResource("2_1gbcv")]
transform = Transform3D(-0.14941, -2.10207, -1.37759, 0.385802, -0.827686, -0.35994, -0.0104953, -0.50058, 6.38002, 4.66373, 11.9985, 7.42793)

[node name="Cube10" parent="Parkour" instance=ExtResource("2_1gbcv")]
transform = Transform3D(-0.14941, -2.10207, -1.37759, 0.376411, -0.90917, 0.886464, -0.0852511, -0.330234, 6.32838, 7.65519, 12.7802, -5.02355)

[node name="Cube11" parent="Parkour" instance=ExtResource("2_1gbcv")]
transform = Transform3D(0.0143233, -0.516241, 6.36819, 0.126528, 2.15289, 1.32185, -0.393779, 0.67298, 0.65637, 13.7441, 14.0291, -7.45188)

[node name="Cube12" parent="Parkour" instance=ExtResource("2_1gbcv")]
transform = Transform3D(0.0180924, -0.649942, 6.26729, 0.0477149, 2.20905, 1.79394, -0.410697, 0.228016, 0.484523, 22.9713, 16.6063, -7.4946)

[node name="Cube13" parent="Parkour" instance=ExtResource("2_1gbcv")]
transform = Transform3D(-0.0773983, 2.24949, -0.92346, 0.393733, 0.331844, -1.78198, -0.10129, -0.42896, -6.22123, 24.8172, 19.2898, 0.415216)

[node name="Cube14" parent="Parkour" instance=ExtResource("2_1gbcv")]
transform = Transform3D(-0.0116122, 2.26547, 1.31833, 0.382797, 0.235866, -2.39357, -0.156869, 0.407864, -5.93842, 25.2736, 22.1072, 12.4072)

[node name="Cube15" parent="Parkour" instance=ExtResource("2_1gbcv")]
transform = Transform3D(-0.0773983, 2.24949, -0.92346, 0.393733, 0.331844, -1.78198, -0.10129, -0.42896, -6.22123, 17.2848, 21.6666, 15.4102)

[node name="Cube16" parent="Parkour" instance=ExtResource("2_1gbcv")]
transform = Transform3D(0.0559589, 2.23526, -0.423471, 0.409948, -0.316695, 0.0150564, -0.0093499, -0.507606, -1.87417, 9.01443, 20.4466, 16.9872)

[node name="Cube17" parent="Parkour" instance=ExtResource("2_1gbcv")]
transform = Transform3D(-0.0570621, 2.25184, -0.354008, 0.388833, 0.16114, -0.644255, -0.129728, -0.507514, -1.77529, 5.50411, 21.0731, 22.9812)

[node name="Cube18" parent="Parkour" instance=ExtResource("2_1gbcv")]
transform = Transform3D(1.09837, 3.9368, -0.838534, 3.08058, -1.39514, 0.328609, 0.0252479, -1.03964, -3.61625, -2.7292, 20.9891, 27.7205)

[node name="Cube19" parent="Parkour" instance=ExtResource("2_1gbcv")]
transform = Transform3D(1.09837, 3.9368, -0.838534, 3.08058, -1.39514, 0.328609, 0.0252479, -1.03964, -3.61625, -5.52017, 25.4757, 28.7753)

[node name="Cube20" parent="Parkour" instance=ExtResource("2_1gbcv")]
transform = Transform3D(2.0512, 3.20954, -0.838534, 2.53564, -2.69197, 0.328609, -0.245212, -0.988847, -3.61625, -3.66393, 23.0622, 31.943)

[node name="Cube21" parent="Parkour" instance=ExtResource("2_1gbcv")]
transform = Transform3D(2.0512, 3.20954, -0.838534, 2.53564, -2.69197, 0.328609, -0.245212, -0.988847, -3.61625, -6.65264, 28.4582, 33.1263)

[node name="Cube22" parent="Parkour" instance=ExtResource("2_1gbcv")]
transform = Transform3D(2.0512, 3.20954, -0.838534, 2.53564, -2.69197, 0.328609, -0.245212, -0.988847, -3.61625, -8.38807, 28.2469, 25.6422)

[node name="Cube23" parent="Parkour" instance=ExtResource("2_1gbcv")]
transform = Transform3D(6.2051, -0.0522358, -0.332578, -0.200429, -1.02688, 0.130332, -1.45704, -0.0812005, -1.43427, -8.37736, 29.5651, 36.8298)

[node name="Cube24" parent="Parkour" instance=ExtResource("2_1gbcv")]
transform = Transform3D(8.27352, -0.0366894, -0.0595384, -0.267241, -0.72126, 0.0233322, -1.94273, -0.0570336, -0.256765, -15.5663, 29.7973, 38.5178)

[node name="Cube25" parent="Parkour" instance=ExtResource("2_1gbcv")]
transform = Transform3D(8.27352, -0.0366894, -0.0595384, -0.267241, -0.72126, 0.0233322, -1.94273, -0.0570336, -0.256765, -31.7087, 30.3187, 42.3083)

[node name="Cube29" parent="Parkour" instance=ExtResource("2_1gbcv")]
transform = Transform3D(8.27352, -0.0366894, -1.62212, -0.267241, -0.72126, 0.635684, -1.94273, -0.0570336, -6.99553, -39.9725, 30.5857, 44.2487)

[node name="Cube26" parent="Parkour" instance=ExtResource("2_1gbcv")]
transform = Transform3D(8.27352, -0.0366894, -0.0595384, -0.267241, -0.72126, 0.0233322, -1.94273, -0.0570336, -0.256765, -26.452, 30.8265, 32.5052)

[node name="Cube27" parent="Parkour" instance=ExtResource("2_1gbcv")]
transform = Transform3D(2.82194, -0.0366894, 0.24925, -0.774828, -0.72126, -0.00566858, 7.9833, -0.0570336, -0.0886554, -21.0135, 30.3111, 35.525)

[node name="Cube28" parent="Parkour" instance=ExtResource("2_1gbcv")]
transform = Transform3D(2.82194, -0.0366894, 0.24925, -0.774828, -0.72126, -0.00566858, 7.9833, -0.0570336, -0.0886554, -29.0666, 30.5705, 37.4247)

[node name="Cube30" parent="Parkour" instance=ExtResource("2_1gbcv")]
transform = Transform3D(29.0895, -0.0366894, -0.0590799, -0.943915, -0.72126, 0.0233173, -6.77614, -0.0570336, -0.256871, -58.9632, 31.2148, 48.5095)

[node name="Cube31" parent="Parkour" instance=ExtResource("2_1gbcv")]
transform = Transform3D(1.27488, -0.210786, -1.43049, -0.0413682, -4.14375, 0.564578, -0.296973, -0.327667, -6.21957, -56.1545, 32.9231, 44.659)

[node name="Cube32" parent="Parkour" instance=ExtResource("2_1gbcv")]
transform = Transform3D(1.27488, -0.210786, -1.43049, -0.0413682, -4.14375, 0.564578, -0.296973, -0.327667, -6.21957, -62.3909, 33.0957, 46.4888)

[node name="Cube33" parent="Parkour" instance=ExtResource("2_1gbcv")]
transform = Transform3D(1.27488, -0.210786, -1.43049, -0.0413682, -4.14375, 0.564578, -0.296973, -0.327667, -6.21957, -68.5625, 33.2637, 48.3343)

[node name="Cube35" parent="Parkour" instance=ExtResource("2_1gbcv")]
transform = Transform3D(1.27488, -0.210786, -1.43049, -0.0413682, -4.14375, 0.564578, -0.296973, -0.327667, -6.21957, -49.1942, 32.7641, 42.1929)

[node name="Cube34" parent="Parkour" instance=ExtResource("2_1gbcv")]
transform = Transform3D(1.27488, -0.27808, -1.02229, -0.0413682, -1.33225, 3.95095, -0.296973, -1.00819, -4.93893, -74.1056, 33.2599, 48.8063)

[node name="Cube36" parent="Parkour" instance=ExtResource("2_1gbcv")]
transform = Transform3D(1.17217, -0.27808, 5.16306, -0.487836, -1.33225, 6.1312, 0.321331, -1.00819, -9.52601, -48.5611, 37.6509, 30.9571)

[node name="Cube37" parent="Parkour" instance=ExtResource("2_1gbcv")]
transform = Transform3D(0.811034, 0.489806, 9.08802, 0.394527, -1.60236, 1.48446, 0.94963, 0.247387, -8.37841, -38.0881, 39.0604, 18.3851)

[node name="Cube38" parent="Parkour" instance=ExtResource("2_1gbcv")]
transform = Transform3D(0.562462, 4.5852, 9.08802, 2.22046, -3.15648, 1.48446, 1.00352, 4.41429, -8.37841, -45.7694, 41.2124, 10.4344)

[node name="Cube39" parent="Parkour" instance=ExtResource("2_1gbcv")]
transform = Transform3D(0.0801452, 4.5852, 9.50125, 2.07181, -3.15648, 4.24455, 1.39822, 4.41429, -6.834, -49.7807, 46.7816, 7.07017)

[node name="Cube40" parent="Parkour" instance=ExtResource("2_1gbcv")]
transform = Transform3D(1.08001, 4.59102, 7.83331, 2.2061, -3.18203, -1.81141, 0.469622, 4.38983, -9.50535, -54.4661, 50.0071, 2.55939)

[node name="Cube41" parent="Parkour" instance=ExtResource("2_1gbcv")]
transform = Transform3D(1.46736, 3.62131, 7.83331, 1.8334, -4.71977, -1.81141, 0.85986, 3.88373, -9.50534, -59.696, 54.4698, -2.60097)

[node name="Cube42" parent="Parkour" instance=ExtResource("2_1gbcv")]
transform = Transform3D(0.35708, 5.42792, 7.83331, 2.46886, -0.459545, -1.81141, -0.176212, 4.56069, -9.50534, -44.9906, 51.0693, -20.4453)

[node name="Cube43" parent="Parkour" instance=ExtResource("2_1gbcv")]
transform = Transform3D(-0.0569784, 4.84663, 9.0984, 2.49843, -0.0807151, 0.519784, 0.0919945, 5.19395, -8.48189, -30.5298, 47.7253, -37.9928)

[node name="Cube44" parent="Parkour" instance=ExtResource("2_1gbcv")]
transform = Transform3D(-0.638728, 4.84663, 8.52938, 2.33369, -0.0807152, 4.47201, 0.632281, 5.19395, -7.8895, -13.6527, 48.6895, -53.7263)

[node name="Cube45" parent="Parkour" instance=ExtResource("2_1gbcv")]
transform = Transform3D(-1.09811, 4.84663, 7.27847, 1.98341, -0.0807151, 7.5813, 1.0555, 5.19395, -6.67392, -0.63353, 54.7277, -65.781)

[node name="Cube46" parent="Parkour" instance=ExtResource("2_1gbcv")]
transform = Transform3D(-1.0137, 4.84663, 7.5759, 2.06634, -0.0807151, 7.01094, 0.97802, 5.19395, -6.96032, 12.0942, 61.6844, -77.5495)

[node name="Cube47" parent="Parkour" instance=ExtResource("2_1gbcv")]
transform = Transform3D(-0.849192, -2.32651, 10.9773, 2.34826, -1.22265, 3.70645, 0.135664, 6.60045, 4.55581, 26.9039, 66.9612, -69.6896)

[node name="Cube48" parent="Parkour" instance=ExtResource("2_1gbcv")]
transform = Transform3D(-0.694046, 5.04537, -11.9724, 2.31279, 0.107571, -7.03297, -0.650506, -5.00061, -12.2309, 39.1219, 71.6307, -51.6256)

[node name="Cube49" parent="Parkour" instance=ExtResource("2_1gbcv")]
transform = Transform3D(-2.44732, 4.24347, 9.30568, 7.9655, 0.456091, 3.94398, 1.18883, 5.67965, -7.26932, 53.478, 74.6895, -41.2383)

[node name="Cube50" parent="Parkour" instance=ExtResource("2_1gbcv")]
transform = Transform3D(-16.9701, 10.7339, -2.81438, -1.35335, 1.15369, 31.3628, 12.7877, 14.3668, -0.415768, 69.5796, 84.1969, -52.5586)

[node name="CSGTorus3D" type="CSGTorus3D" parent="Parkour"]
transform = Transform3D(3.14576, 0, 0, 0, 3.14576, 0, 0, 0, 3.14576, 62, 81, -36.0375)
use_collision = true
material = SubResource("StandardMaterial3D_16i08")

[node name="CSGTorus3D2" type="CSGTorus3D" parent="Parkour"]
transform = Transform3D(3.14576, 0, 0, 0, 3.14576, 0, 0, 0, 3.14576, 71.8328, 84.6131, -36.0375)
use_collision = true
material = SubResource("StandardMaterial3D_16i08")

[node name="CSGTorus3D3" type="CSGTorus3D" parent="Parkour"]
transform = Transform3D(3.14576, 0, 0, 0, 3.14576, 0, 0, 0, 3.14576, 74.278, 87.2434, -44.3128)
use_collision = true
material = SubResource("StandardMaterial3D_16i08")

[node name="CSGTorus3D4" type="CSGTorus3D" parent="Parkour"]
transform = Transform3D(3.14576, 0, 0, 0, 3.14576, 0, 0, 0, 3.14576, 82.4405, 90.6763, -50.3029)
use_collision = true
material = SubResource("StandardMaterial3D_16i08")

[node name="CSGTorus3D5" type="CSGTorus3D" parent="Parkour"]
transform = Transform3D(3.14576, 0, 0, 0, 3.14576, 0, 0, 0, 3.14576, 77.8537, 92.6435, -59.1787)
use_collision = true
material = SubResource("StandardMaterial3D_16i08")

[node name="CSGTorus3D6" type="CSGTorus3D" parent="Parkour"]
transform = Transform3D(3.14576, 0, 0, 0, 3.14576, 0, 0, 0, 3.14576, 71.0003, 95.5367, -65.9323)
use_collision = true
material = SubResource("StandardMaterial3D_16i08")

[node name="CSGTorus3D7" type="CSGTorus3D" parent="Parkour"]
transform = Transform3D(3.14576, 0, 0, 0, 3.14576, 0, 0, 0, 3.14576, 59.0088, 98.4572, -59.3554)
use_collision = true
material = SubResource("StandardMaterial3D_16i08")

[node name="CSGTorus3D8" type="CSGTorus3D" parent="Parkour"]
transform = Transform3D(2.99539, 7.31224, 0, -7.31224, 2.99539, 0, 0, 0, 7.90197, 75.3831, 106.471, -52.6752)
use_collision = true
inner_radius = 0.714048
sides = 17
ring_sides = 10
material = SubResource("StandardMaterial3D_16i08")

[node name="CSGTorus3D11" type="CSGTorus3D" parent="Parkour"]
transform = Transform3D(7.78592, 1.34934, 0, -1.34934, 7.78592, 0, 0, 0, 7.90197, 65.3496, 114.769, -52.7548)
use_collision = true
inner_radius = 0.714048
sides = 23
ring_sides = 8
material = SubResource("StandardMaterial3D_16i08")

[node name="CSGTorus3D12" type="CSGTorus3D" parent="Parkour"]
transform = Transform3D(7.78592, 1.21428, -0.588419, -1.34934, 7.00661, -3.39528, -5.96046e-08, 3.44589, 7.11105, 51.3482, 117.195, -56.1435)
use_collision = true
inner_radius = 0.714048
sides = 23
ring_sides = 8
material = SubResource("StandardMaterial3D_16i08")

[node name="CSGTorus3D13" type="CSGTorus3D" parent="Parkour"]
transform = Transform3D(7.10151, 3.04563, 1.65345, -3.31898, 7.06192, 1.24695, -0.997065, -1.81511, 7.62577, 38.6867, 121.684, -55.0478)
use_collision = true
inner_radius = 0.714048
sides = 23
ring_sides = 8
material = SubResource("StandardMaterial3D_16i08")

[node name="CSGTorus3D14" type="CSGTorus3D" parent="Parkour"]
transform = Transform3D(7.70894, 1.48065, 0.90612, -1.44122, 7.75828, -0.416087, -0.967609, 0.240657, 7.83881, 23.8812, 128.161, -52.9925)
use_collision = true
inner_radius = 0.847404
outer_radius = 0.924606
sides = 23
ring_sides = 8
material = SubResource("StandardMaterial3D_16i08")

[node name="CSGTorus3D15" type="CSGTorus3D" parent="Parkour"]
transform = Transform3D(7.70841, 1.6613, 0.511557, -1.44399, 7.41444, -2.31994, -0.967736, 2.16963, 7.5364, 13.1294, 130.172, -51.643)
use_collision = true
inner_radius = 0.806849
outer_radius = 0.924606
sides = 23
ring_sides = 8
material = SubResource("StandardMaterial3D_16i08")

[node name="CSGTorus3D16" type="CSGTorus3D" parent="Parkour"]
transform = Transform3D(7.70841, 1.72613, 0.205154, -1.44399, 6.87782, -3.61272, -0.967736, 3.48673, 7.02477, 4.33342, 131.819, -50.5387)
use_collision = true
inner_radius = 0.743313
outer_radius = 0.924606
sides = 23
ring_sides = 8
material = SubResource("StandardMaterial3D_16i08")

[node name="CSGTorus3D17" type="CSGTorus3D" parent="Parkour"]
transform = Transform3D(7.70841, 1.66102, -0.512459, -1.44399, 4.82186, -6.09145, -0.967736, 6.03588, 5.00727, -6.66672, 131.054, -46.0377)
use_collision = true
inner_radius = 0.743313
outer_radius = 0.924606
sides = 23
ring_sides = 8
material = SubResource("StandardMaterial3D_16i08")

[node name="CSGTorus3D18" type="CSGTorus3D" parent="Parkour"]
transform = Transform3D(7.21916, 3.21066, 0.128512, -0.730774, 1.94827, -7.62308, -3.12903, 6.95248, 2.07684, -15.6881, 130.839, -43.3014)
use_collision = true
inner_radius = 0.743313
outer_radius = 0.924606
sides = 23
ring_sides = 8
material = SubResource("StandardMaterial3D_16i08")

[node name="CSGTorus3D19" type="CSGTorus3D" parent="Parkour"]
transform = Transform3D(-2.25313, 7.28295, 2.07924, -0.770904, 1.93751, -7.62187, -7.53461, -2.37611, 0.158061, -40.3205, 155.294, -39.3003)
use_collision = true
inner_radius = 3.30579
outer_radius = 4.14036
sides = 23
ring_sides = 8
material = SubResource("StandardMaterial3D_16i08")

[node name="CSGTorus3D9" type="CSGTorus3D" parent="Parkour"]
transform = Transform3D(5.08805, 6.0459, 0, -6.0459, 5.08805, 0, 0, 0, 7.90197, 79.4294, 107.298, -52.7532)
use_collision = true
inner_radius = 0.729034
sides = 14
ring_sides = 10
material = SubResource("StandardMaterial3D_16i08")

[node name="CSGTorus3D10" type="CSGTorus3D" parent="Parkour"]
transform = Transform3D(7.00761, 3.65166, 0, -3.65166, 7.00761, 0, 0, 0, 7.90197, 81.0199, 108.103, -59.1732)
use_collision = true
inner_radius = 0.743812
sides = 14
ring_sides = 10
material = SubResource("StandardMaterial3D_16i08")

[node name="CSGCylinder3D" type="CSGCylinder3D" parent="Parkour"]
transform = Transform3D(0.409222, 2.21057, -0.152637, -0.912435, 0.99143, -0.0684568, 3.72529e-09, 0.411077, 0.985909, 66.6969, 82.707, -39.7695)
use_collision = true
material = SubResource("StandardMaterial3D_mcm0d")

[node name="CSGCylinder3D2" type="CSGCylinder3D" parent="Parkour"]
transform = Transform3D(0.3303, 0.430827, 0.92745, -0.894743, 0.911801, 0.24851, -0.300562, -2.24088, 0.279427, 70.8936, 86.5099, -42.2303)
use_collision = true
material = SubResource("StandardMaterial3D_vl2ul")

[node name="CSGCylinder3D3" type="CSGCylinder3D" parent="Parkour"]
transform = Transform3D(0.3303, -1.16813, 0.815434, -0.894743, 0.288524, 0.430872, -0.300562, -2.14261, -0.386545, 77.1577, 88.5808, -47.5907)
use_collision = true
material = SubResource("StandardMaterial3D_vl2ul")

[node name="CSGCylinder3D4" type="CSGCylinder3D" parent="Parkour"]
transform = Transform3D(0.027854, -1.42079, 0.815434, -0.696215, 1.41086, 0.430872, -0.717293, -1.42457, -0.386545, 78.9092, 90.4401, -48.4209)
use_collision = true
material = SubResource("StandardMaterial3D_vl2ul")

[node name="CSGCylinder3D5" type="CSGCylinder3D" parent="Parkour"]
transform = Transform3D(-0.295077, -2.23707, -0.290121, -0.921746, 0.469986, 0.33735, -0.251623, 0.901752, -0.895558, 81.436, 90.8576, -54.0534)
use_collision = true
material = SubResource("StandardMaterial3D_vl2ul")

[node name="CSGCylinder3D6" type="CSGCylinder3D" parent="Parkour"]
transform = Transform3D(0.106416, -2.23429, -0.402463, -0.961957, -0.483042, 0.189732, -0.251623, 0.901752, -0.895558, 78.4732, 87.6532, -56.1496)
use_collision = true
material = SubResource("StandardMaterial3D_vl2ul")

[node name="CSGCylinder3D7" type="CSGCylinder3D" parent="Parkour"]
transform = Transform3D(0.106416, -2.23429, -0.402463, -0.961957, -0.483042, 0.189732, -0.251623, 0.901752, -0.895558, 76.3358, 88.487, -60.9987)
use_collision = true
material = SubResource("StandardMaterial3D_vl2ul")

[node name="CSGCylinder3D8" type="CSGCylinder3D" parent="Parkour"]
transform = Transform3D(0.106416, -2.23429, -0.402463, -0.961957, -0.483042, 0.189732, -0.251623, 0.901752, -0.895558, 75.9719, 89.0229, -61.6134)
use_collision = true
material = SubResource("StandardMaterial3D_vl2ul")

[node name="CSGCylinder3D9" type="CSGCylinder3D" parent="Parkour"]
transform = Transform3D(0.339021, 2.08959, -0.402463, 0.939618, -0.699885, 0.189732, 0.0467113, -1.08734, -0.895558, 75.8457, 90.5169, -61.9741)
use_collision = true
material = SubResource("StandardMaterial3D_vl2ul")

[node name="CSGCylinder3D10" type="CSGCylinder3D" parent="Parkour"]
transform = Transform3D(-0.26735, 1.6013, -0.709853, 0.911276, 1.00856, 0.0335565, 0.31321, -1.56754, -0.70355, 75.2345, 91.6182, -62.3938)
use_collision = true
material = SubResource("StandardMaterial3D_vl2ul")

[node name="CSGCylinder3D11" type="CSGCylinder3D" parent="Parkour"]
transform = Transform3D(0.168082, 1.68082, -0.709853, 0.978077, -0.505038, 0.0335565, -0.122938, -1.71997, -0.70355, 74.8779, 93.4312, -62.9714)
use_collision = true
material = SubResource("StandardMaterial3D_vl2ul")

[node name="CSGCylinder3D12" type="CSGCylinder3D" parent="Parkour"]
transform = Transform3D(0.168082, 1.68082, -0.709853, 0.978077, -0.505038, 0.0335565, -0.122938, -1.71997, -0.70355, 79.91, 94.1434, -56.1565)
use_collision = true
material = SubResource("StandardMaterial3D_vl2ul")

[node name="CSGCylinder3D13" type="CSGCylinder3D" parent="Parkour"]
transform = Transform3D(0.167763, -1.67094, -0.713783, 0.977965, 0.506352, 0.0335565, 0.124262, -1.72919, 0.699562, 77.4992, 95.183, -58.1262)
use_collision = true
material = SubResource("StandardMaterial3D_vl2ul")

[node name="CSGCylinder3D14" type="CSGCylinder3D" parent="Parkour"]
transform = Transform3D(0.167763, -1.02466, -0.893299, 0.977965, 0.453653, 0.0974888, 0.124262, -2.18696, 0.438763, 76.1477, 95.6769, -60.3405)
use_collision = true
material = SubResource("StandardMaterial3D_vl2ul")

[node name="CSGCylinder3D15" type="CSGCylinder3D" parent="Parkour"]
transform = Transform3D(0.167763, -2.38208, 0.179375, 0.977965, 0.345777, -0.154226, 0.124262, 0.494651, 0.971617, 66.5649, 96.1667, -64.2028)
use_collision = true
material = SubResource("StandardMaterial3D_vl2ul")

[node name="CSGCylinder3D16" type="CSGCylinder3D" parent="Parkour"]
transform = Transform3D(0.467659, -1.59872, 0.598357, 0.875138, 1.07122, -0.210006, -0.124212, 1.52811, 0.773218, 61.3867, 97.1856, -63.0851)
use_collision = true
material = SubResource("StandardMaterial3D_vl2ul")

[node name="Parkour2" type="Node3D" parent="."]

[node name="CSGPolygon3D" type="CSGPolygon3D" parent="Parkour2"]
transform = Transform3D(0.999948, 0, -0.0102449, 0, 1, 0, 0.0102449, 0, 0.999948, -72.0281, 137.675, -59.528)
use_collision = true
polygon = PackedVector2Array(20.7822, 0.537155, 15.3277, -3.00552, 4.76906, 5.59436)
depth = 1.69
material = SubResource("StandardMaterial3D_evyxj")

[node name="CSGPolygon3D2" type="CSGPolygon3D" parent="Parkour2"]
transform = Transform3D(0.125004, 0, -0.992156, 0, 1, 0, 0.992156, 0, 0.125004, -67.5933, 139.726, -73.0457)
use_collision = true
polygon = PackedVector2Array(11.5915, 3.67845, 11.7854, 4.79135, 8.47881, 5.36174)
depth = 1.69
material = SubResource("StandardMaterial3D_evyxj")

[node name="CSGPolygon3D3" type="CSGPolygon3D" parent="Parkour2"]
transform = Transform3D(-0.461362, 0, -0.887212, 0, 1, 0, 0.887212, 0, -0.461362, -60.3614, 141.841, -75.4337)
use_collision = true
polygon = PackedVector2Array(11.5915, 3.67845, 11.8072, 5.28088, 8.21902, 4.1881)
depth = 1.69
material = SubResource("StandardMaterial3D_evyxj")

[node name="CSGPolygon3D4" type="CSGPolygon3D" parent="Parkour2"]
transform = Transform3D(-0.738561, 0, -0.674186, 0, 1, 0, 0.674186, 0, -0.738561, -56.703, 144.217, -77.3324)
use_collision = true
polygon = PackedVector2Array(11.5915, 3.67845, 11.7854, 4.79135, 7.75601, 3.41545)
depth = 1.69
material = SubResource("StandardMaterial3D_evyxj")

[node name="CSGPolygon3D25" type="CSGPolygon3D" parent="Parkour2"]
transform = Transform3D(-0.738561, 0, -0.674186, 0, 1, 0, 0.674186, 0, -0.738561, -49.1708, 144.675, -84.6109)
use_collision = true
polygon = PackedVector2Array(13.8343, 3.27708, 11.7854, 4.79135, 7.15187, 5.99065)
depth = 1.69
material = SubResource("StandardMaterial3D_evyxj")

[node name="CSGPolygon3D6" type="CSGPolygon3D" parent="Parkour2"]
transform = Transform3D(-0.738561, 0, -0.674186, 0, 1, 0, 0.674186, 0, -0.738561, -40.6312, 145.602, -89.2688)
use_collision = true
polygon = PackedVector2Array(11.6786, 3.73082, 11.5748, 5.38501, 8.7984, 5.72945)
depth = 1.69
material = SubResource("StandardMaterial3D_evyxj")

[node name="CSGPolygon3D7" type="CSGPolygon3D" parent="Parkour2"]
transform = Transform3D(-0.738561, 0, -0.674186, 0, 1, 0, 0.674186, 0, -0.738561, -34.9543, 145.602, -83.0498)
use_collision = true
polygon = PackedVector2Array(11.6786, 3.73082, 11.5748, 5.38501, 8.7984, 5.72945)
depth = 1.69
material = SubResource("StandardMaterial3D_evyxj")

[node name="CSGPolygon3D8" type="CSGPolygon3D" parent="Parkour2"]
transform = Transform3D(-0.538359, 0, -0.842716, 0, 1, 0, 0.842716, 0, -0.538359, -40.6029, 146.217, -77.8936)
use_collision = true
polygon = PackedVector2Array(11.6786, 3.73082, 11.5748, 5.38501, 8.7984, 5.72945)
depth = 1.69
material = SubResource("StandardMaterial3D_evyxj")

[node name="CSGPolygon3D9" type="CSGPolygon3D" parent="Parkour2"]
transform = Transform3D(-0.490692, 0.0404217, -0.870395, -0.0475178, 0.996195, 0.0730525, 0.870036, 0.0772055, -0.486904, -42.9585, 147.796, -73.4063)
use_collision = true
polygon = PackedVector2Array(11.6786, 3.73082, 12.6028, 7.96802, 5.06274, 5.56339)
depth = 1.69
material = SubResource("StandardMaterial3D_evyxj")

[node name="CSGPolygon3D10" type="CSGPolygon3D" parent="Parkour2"]
transform = Transform3D(0.550926, 0.0404217, -0.833574, -0.0866828, 0.996195, -0.00898289, 0.83004, 0.0772055, 0.552334, -44.0671, 151.482, -51.0489)
use_collision = true
polygon = PackedVector2Array(1.2932, -1.4095, 2.91361, 2.965, -1.14034, 2.30356, -1.36067, -0.407272)
depth = 1.69
material = SubResource("StandardMaterial3D_evyxj")

[node name="CSGPolygon3D11" type="CSGPolygon3D" parent="Parkour2"]
transform = Transform3D(0.512224, -0.832112, 0.212639, 0.187795, -0.133079, -0.973151, 0.838069, 0.538404, 0.0881001, -35.6203, 148.85, -38.6446)
use_collision = true
polygon = PackedVector2Array(2.64694, -0.83337, 2.91361, 2.965, -0.508041, 1.62666, -0.836502, -1.31816)
depth = 1.69
material = SubResource("StandardMaterial3D_evyxj")

[node name="CSGPolygon3D12" type="CSGPolygon3D" parent="Parkour2"]
transform = Transform3D(0.485179, -0.832112, 0.268682, 0.295629, -0.133079, -0.945988, 0.822924, 0.538404, 0.181429, -35.666, 150.133, -24.3702)
use_collision = true
polygon = PackedVector2Array(2.64694, -0.83337, 2.91361, 2.965, -0.508041, 1.62666, -2.41757, -2.67187)
depth = 1.69
material = SubResource("StandardMaterial3D_evyxj")

[node name="CSGPolygon3D13" type="CSGPolygon3D" parent="Parkour2"]
transform = Transform3D(0.485179, -0.871024, -0.0769274, 0.295629, 0.246193, -0.923034, 0.822924, 0.425095, 0.376948, -43.4799, 150.052, -13.2197)
use_collision = true
polygon = PackedVector2Array(2.64694, -0.83337, 2.91361, 2.965, -0.508041, 1.62666, -0.836502, -1.31816)
depth = 1.69
material = SubResource("StandardMaterial3D_evyxj")

[node name="CSGPolygon3D14" type="CSGPolygon3D" parent="Parkour2"]
transform = Transform3D(0.485179, -0.871024, -0.0769274, 0.568959, 0.381275, -0.728639, 0.663993, 0.309752, 0.680563, -37.0115, 153.933, -1.8238)
use_collision = true
polygon = PackedVector2Array(1.0282, -0.0030365, 2.09519, 1.85457, -5.66644, 3.31058, 4.62608, -4.16138)
depth = 1.69
material = SubResource("StandardMaterial3D_evyxj")

[node name="CSGPolygon3D15" type="CSGPolygon3D" parent="Parkour2"]
transform = Transform3D(0.485179, -0.782538, 0.390173, 0.295629, -0.273138, -0.915423, 0.822924, 0.559491, 0.0988204, -26.8713, 156.722, -9.04586)
use_collision = true
polygon = PackedVector2Array(2.64694, -0.83337, 3.93187, 5.29697, -0.508041, 1.62666, -0.836502, -1.31816)
depth = 0.15
material = SubResource("StandardMaterial3D_evyxj")

[node name="CSGPolygon3D16" type="CSGPolygon3D" parent="Parkour2"]
transform = Transform3D(0.622458, -0.782538, 0.0134046, -0.323875, -0.273138, -0.905815, 0.712496, 0.559491, -0.423461, -28.6729, 160.031, -16.065)
use_collision = true
polygon = PackedVector2Array(4.10384, 1.30381, 3.93187, 5.29697, -0.143433, 2.03652, 0.879282, -0.338163)
depth = 0.15
material = SubResource("StandardMaterial3D_evyxj")

[node name="CSGPolygon3D17" type="CSGPolygon3D" parent="Parkour2"]
transform = Transform3D(0.888433, -0.379778, -0.25779, -0.408072, -0.396376, -0.822413, 0.210152, 0.835856, -0.50713, -34.0322, 163.302, -17.9995)
use_collision = true
polygon = PackedVector2Array(4.10384, 1.30381, 3.93187, 5.29697, -0.143433, 2.03652, 0.879282, -0.338163)
depth = 0.15
material = SubResource("StandardMaterial3D_evyxj")

[node name="CSGPolygon3D18" type="CSGPolygon3D" parent="Parkour2"]
transform = Transform3D(0.76135, 0.520165, -0.387008, -0.265097, -0.294982, -0.917992, -0.591668, 0.801508, -0.0866901, -39.5331, 163.773, -14.1504)
use_collision = true
polygon = PackedVector2Array(4.10384, 1.30381, 3.93187, 5.29697, -0.143433, 2.03652, 0.879282, -0.338163)
depth = 0.15
material = SubResource("StandardMaterial3D_evyxj")

[node name="CSGPolygon3D19" type="CSGPolygon3D" parent="Parkour2"]
transform = Transform3D(0.76135, 0.648327, 0.00428146, -0.265097, 0.317324, -0.91051, -0.591668, 0.692082, 0.413464, -39.0795, 163.377, -8.69009)
use_collision = true
polygon = PackedVector2Array(4.10384, 1.30381, 4.61586, 2.37869, -0.459251, 3.82385, 2.49315, 2.65691)
depth = 0.15
material = SubResource("StandardMaterial3D_evyxj")

[node name="CSGPolygon3D20" type="CSGPolygon3D" parent="Parkour2"]
transform = Transform3D(0.64358, 0.636818, -0.424578, -0.634948, 0.134478, -0.76076, -0.42737, 0.759196, 0.490894, -43.8247, 166.55, -5.27184)
use_collision = true
polygon = PackedVector2Array(3.92699, -0.412087, 0.515427, 2.88169, -2.68591, 1.99845, 0.705841, -1.79148)
depth = 0.15
material = SubResource("StandardMaterial3D_evyxj")

[node name="CSGPolygon3D21" type="CSGPolygon3D" parent="Parkour2"]
transform = Transform3D(0.64358, 0.408043, -0.647538, -0.634948, -0.187768, -0.749389, -0.42737, 0.893446, 0.138242, -49.2302, 168.971, -11.4849)
use_collision = true
polygon = PackedVector2Array(3.92699, -0.412087, 0.515427, 2.88169, -2.68591, 1.99845, 0.705841, -1.79148)
depth = 0.15
material = SubResource("StandardMaterial3D_evyxj")

[node name="CSGPolygon3D22" type="CSGPolygon3D" parent="Parkour2"]
transform = Transform3D(0.79457, 0.527573, -0.300542, -0.385634, 0.0561654, -0.92094, -0.468983, 0.847651, 0.248077, -50.2714, 171.59, -1.06143)
use_collision = true
polygon = PackedVector2Array(3.92699, -0.412087, 0.515427, 2.88169, -2.68591, 1.99845, 0.705841, -1.79148)
depth = 0.15
material = SubResource("StandardMaterial3D_evyxj")

[node name="CSGPolygon3D23" type="CSGPolygon3D" parent="Parkour2"]
transform = Transform3D(0.811303, 0.527573, 0.251902, 0.262566, 0.0561654, -0.963278, -0.522347, 0.847651, -0.0929556, -38.4528, 172.036, -4.84196)
use_collision = true
polygon = PackedVector2Array(8.72246, -1.643, 7.09093, -0.354817, -2.5622, -1.28266, 1.10223, -3.47401)
depth = 0.15
material = SubResource("StandardMaterial3D_evyxj")

[node name="CSGPolygon3D24" type="CSGPolygon3D" parent="Parkour2"]
transform = Transform3D(0.504497, 0.858763, 0.0894934, 0.473793, -0.188698, -0.860182, -0.721805, 0.476361, -0.502074, -33.3599, 174.614, -13.4831)
use_collision = true
polygon = PackedVector2Array(3.77901, -6.59398, 4.5493, -1.67231, -0.0577316, -1.73702, 2.97045, -2.58371)
depth = 0.15
material = SubResource("StandardMaterial3D_evyxj")

[node name="Parkour3" type="Node3D" parent="."]

[node name="CSGBox3D" type="CSGBox3D" parent="Parkour3"]
transform = Transform3D(0.96059, 0, 0.277969, 0, 1, 0, -0.277969, 0, 0.96059, -42.7357, 186.556, -38.0706)
use_collision = true
size = Vector3(2.83118, 1, 1.41223)
material = SubResource("StandardMaterial3D_a8d70")

[node name="CSGBox3D2" type="CSGBox3D" parent="Parkour3"]
transform = Transform3D(0.96059, 0, 0.277969, 0, 1, 0, -0.277969, 0, 0.96059, -32.6846, 186.556, -40.9791)
use_collision = true
size = Vector3(2.83118, 1, 1.41223)
material = SubResource("StandardMaterial3D_a8d70")

[node name="CSGBox3D3" type="CSGBox3D" parent="Parkour3"]
transform = Transform3D(0.96059, -0.156422, 0.22978, 1.49012e-08, 0.826639, 0.562733, -0.277969, -0.540556, 0.794061, -22.7644, 186.556, -43.8497)
use_collision = true
size = Vector3(2.83118, 1, 1.41223)
material = SubResource("StandardMaterial3D_a8d70")

[node name="CSGBox3D4" type="CSGBox3D" parent="Parkour3"]
transform = Transform3D(0.96059, 0.0613422, 0.271116, 1.49012e-08, 0.975346, -0.22068, -0.277969, 0.211983, 0.936908, -13.7612, 186.556, -46.455)
use_collision = true
size = Vector3(2.83118, 1, 1.41223)
material = SubResource("StandardMaterial3D_a8d70")

[node name="CSGBox3D5" type="CSGBox3D" parent="Parkour3"]
transform = Transform3D(0.948121, -0.192834, 0.252748, 0.229113, 0.965631, -0.122733, -0.220395, 0.174273, 0.959716, -4.76679, 186.837, -48.9915)
use_collision = true
size = Vector3(2.83118, 1, 1.41223)
material = SubResource("StandardMaterial3D_a8d70")

[node name="CSGBox3D6" type="CSGBox3D" parent="Parkour3"]
transform = Transform3D(0.963078, 0.0927283, 0.252748, -0.063152, 0.990428, -0.122733, -0.26171, 0.10224, 0.959716, 6.14612, 186.7, -51.667)
use_collision = true
size = Vector3(2.83118, 1, 1.41223)
material = SubResource("StandardMaterial3D_a8d70")

[node name="CSGBox3D7" type="CSGBox3D" parent="Parkour3"]
transform = Transform3D(0.812948, -0.282099, -0.509446, 0.193145, 0.955929, -0.221121, 0.549372, 0.0813626, 0.831607, 15.2243, 187.397, -47.6761)
use_collision = true
size = Vector3(2.83118, 1, 1.41223)
material = SubResource("StandardMaterial3D_a8d70")

[node name="CSGBox3D8" type="CSGBox3D" parent="Parkour3"]
transform = Transform3D(1, 0, 0, 0, 1, 0, 0, 0, 1, 20.1671, 194.664, -34.315)
use_collision = true
size = Vector3(2.83118, 13.186, 21.454)
material = SubResource("StandardMaterial3D_a8d70")

[node name="CSGBox3D9" type="CSGBox3D" parent="Parkour3"]
transform = Transform3D(1, 0, 0, 0, 1, 0, 0, 0, 1, 14.0543, 194.664, -34.315)
use_collision = true
size = Vector3(2.83118, 13.186, 21.454)
material = SubResource("StandardMaterial3D_a8d70")

[node name="CSGBox3D23" type="CSGBox3D" parent="Parkour3"]
transform = Transform3D(0.929223, -0.36952, 0, 0.36952, 0.929223, 0, 0, 0, 1, 14.0543, 200.719, -12.5398)
use_collision = true
size = Vector3(2.83118, 1.07593, 4.12253)
material = SubResource("StandardMaterial3D_a8d70")

[node name="CSGBox3D24" type="CSGBox3D" parent="Parkour3"]
transform = Transform3D(0.98301, 0.177169, 0.047976, -0.182341, 0.972537, 0.144651, -0.0210308, -0.150941, 0.988319, 14.4957, 202.05, -1.20234)
use_collision = true
size = Vector3(2.83118, 0.210693, 5.31296)
material = SubResource("StandardMaterial3D_a8d70")

[node name="CSGBox3D25" type="CSGBox3D" parent="Parkour3"]
transform = Transform3D(0.982792, -0.178377, 0.047976, 0.169864, 0.974794, 0.144651, -0.072569, -0.134012, 0.988319, 15.483, 203.756, 10.5942)
use_collision = true
size = Vector3(2.00153, 0.210693, 3.12914)
material = SubResource("StandardMaterial3D_a8d70")

[node name="CSGBox3D26" type="CSGBox3D" parent="Parkour3"]
transform = Transform3D(0.931343, -0.359338, -0.0589548, 0.351096, 0.843182, 0.407156, -0.0965968, -0.399901, 0.911454, 21.2088, 204.138, 15.1266)
use_collision = true
size = Vector3(2.00153, 0.191589, 3.12914)
material = SubResource("StandardMaterial3D_a8d70")

[node name="CSGBox3D27" type="CSGBox3D" parent="Parkour3"]
transform = Transform3D(0.98297, 0.160587, -0.0893449, -0.0850792, 0.828621, 0.553307, 0.162887, -0.536283, 0.828172, 14.6581, 205.402, 20.8002)
use_collision = true
size = Vector3(2.00153, 0.191589, 3.12914)
material = SubResource("StandardMaterial3D_a8d70")

[node name="CSGBox3D28" type="CSGBox3D" parent="Parkour3"]
transform = Transform3D(0.925465, 0.360373, -0.116819, -0.236961, 0.791262, 0.563696, 0.295575, -0.493999, 0.81768, 7.3987, 206.22, 19.4254)
use_collision = true
size = Vector3(2.00153, 0.191589, 3.12914)
material = SubResource("StandardMaterial3D_a8d70")

[node name="CSGBox3D29" type="CSGBox3D" parent="Parkour3"]
transform = Transform3D(0.827453, 0.465775, -0.313649, -0.407155, 0.882312, 0.236114, 0.386712, -0.0676695, 0.919715, 1.10611, 206.219, 12.3847)
use_collision = true
size = Vector3(2.00153, 0.191589, 3.12914)
material = SubResource("StandardMaterial3D_a8d70")

[node name="CSGBox3D30" type="CSGBox3D" parent="Parkour3"]
transform = Transform3D(0.915578, 0.260103, 0.306699, -0.19467, 0.954018, -0.227934, -0.351883, 0.148986, 0.924112, -0.772325, 206.909, 3.5266)
use_collision = true
size = Vector3(2.00153, 0.191589, 3.02636)
material = SubResource("StandardMaterial3D_a8d70")

[node name="CSGBox3D31" type="CSGBox3D" parent="Parkour3"]
transform = Transform3D(0.345266, 0.260103, 0.901742, 0.0522035, 0.954018, -0.29517, -0.937052, 0.148986, 0.315812, -7.05637, 208.136, -0.640888)
use_collision = true
size = Vector3(2.00153, 0.191589, 3.02636)
material = SubResource("StandardMaterial3D_a8d70")

[node name="CSGBox3D32" type="CSGBox3D" parent="Parkour3"]
transform = Transform3D(-0.175857, 0.0440778, 0.983429, 0.0784405, 0.996448, -0.0306345, -0.981286, 0.0717533, -0.178689, -14.8542, 209.283, -1.20415)
use_collision = true
size = Vector3(2.00153, 0.191589, 3.02636)
material = SubResource("StandardMaterial3D_a8d70")

[node name="CSGBox3D33" type="CSGBox3D" parent="Parkour3"]
transform = Transform3D(-0.175857, -0.252639, 0.951445, 0.0784405, 0.959838, 0.269366, -0.981286, 0.122001, -0.148977, -28.7615, 204.917, 1.6804)
use_collision = true
size = Vector3(2.00153, 0.191589, 3.02636)
material = SubResource("StandardMaterial3D_a8d70")

[node name="CSGBox3D34" type="CSGBox3D" parent="Parkour3"]
transform = Transform3D(-0.253363, 0.145099, 0.956428, -0.31017, 0.924303, -0.222392, -0.916298, -0.353, -0.189179, -33.7669, 204.432, 8.68256)
use_collision = true
size = Vector3(2.00153, 0.191589, 3.02636)
